
# resume 22
xmean
-1.29793e-010	6.42499e-008	-1.71139e-008	4.04235e-009	3.434e-009	-2.34303e-008	1.8392e-008	-1.13786e-008	-1.21975e-009	8.7785e-009	-8.65919e-009	1.12606e-008	-3.4195e-010	-6.20767e-011	7.8776e-009	7.48314e-009	4.97406e-009	-7.70504e-009	-1.17162e-008	6.06083e-009	4.25314e-009	-4.82027e-010
path for sigma
-0.849569	-0.108692	-1.05356	1.00636	-0.33618	0.602132	1.23232	0.177239	0.0656094	1.03641	-0.111468	-0.303233	-0.137485	0.669695	0.284274	0.940369	0.960068	-0.466804	-0.202289	-0.199149	1.37394	-0.603011
path for C
-0.00417209	-4.73083	-0.398922	0.42365	-0.141	0.113377	0.493194	0.0129197	0.067682	0.367923	-0.0191375	-0.0835301	-0.00387654	0.183703	0.127233	0.376461	0.334756	-0.122661	-0.102783	-0.0106955	0.393071	-0.164699
sigma 3.10562e-008
covariance matrix
2.85166e-005
-0.00253913	986.797
-5.19375e-005	0.262949	0.152616
-2.87412e-005	1.03971	-0.00509365	0.14895
-1.88107e-005	0.724295	0.0141771	0.00792483	0.158232
-4.0696e-005	-0.581552	0.00114821	-0.0013834	0.00460767	0.155921
8.5866e-005	0.355053	-0.00307759	-0.0157789	0.00578717	0.00472425	0.146647
7.94892e-005	1.01767	-0.007251	-0.00668781	0.0019611	0.00520647	0.00321804	0.147593
4.50428e-005	0.141785	-0.016088	-0.00229816	0.00248526	-0.0152985	-0.00431987	-0.00246807	0.142292
-2.97319e-005	0.168069	-0.00700738	0.00778565	0.00962058	0.00652266	-0.00243621	0.00479404	-0.0108104	0.162797
8.49603e-005	0.845977	-0.00607843	0.00372294	-0.00317376	-0.00379856	0.00530875	-0.0103282	-0.00538555	-0.0117761	0.192656
1.31213e-005	-1.47343	0.000741709	-0.00780177	0.00980971	0.0196123	0.0044133	0.0107208	0.00837412	0.00326652	-0.0041628	0.161529
1.0484e-005	0.0924491	0.012208	0.010637	0.00265253	-0.0256294	-0.0019216	-0.0126333	-0.00535852	-0.00969417	-0.00492099	-0.0132013	0.145312
5.14443e-005	0.648246	0.00260181	-0.000555798	-0.00613406	0.00502371	-0.00811514	-0.0074685	-0.00754967	0.0056994	-0.0176071	-0.00711911	0.00593955	0.141259
-4.849e-005	0.323371	-0.0094676	0.00871709	0.0132007	-0.002643	-0.0024098	-0.0122947	-0.000959109	-0.00377524	-0.0131014	0.0076897	-0.00447718	0.00460585	0.14166
-0.000173871	-0.112244	-0.00362277	0.00157779	-0.0096042	0.00291896	-0.00340284	0.0131897	0.0182116	-0.0132108	-0.00110767	0.023747	-0.0115899	-0.0228233	-0.00538666	0.163074
0.000136552	-1.2873	-0.00943893	0.00754283	0.00646976	-0.0267095	0.0165142	-0.0103266	0.00388728	-0.00457134	0.0136836	-0.00893099	0.0141625	-0.00905545	0.00228297	-0.0209725	0.149836
-6.09666e-005	-0.102471	-0.0126042	-0.00487735	-0.0135299	-0.000296784	0.000972	-0.0159049	-0.00597086	-0.0110688	-0.00305387	0.000873479	0.00261057	0.0130597	-0.00966934	0.0102783	-0.0171948	0.167994
-0.000114188	0.687879	0.00485677	0.00362339	0.0186753	0.00645426	0.00301969	0.00536023	-0.0135993	0.00131928	-0.0045844	0.00853817	-0.00301432	0.00996774	-0.00479345	-0.0107117	-0.00812099	-0.0040637	0.120098
7.92391e-005	0.41059	-0.00537117	0.0137977	-0.00706838	-0.0106314	-0.0049114	0.00484119	0.0166834	0.00118731	0.0126989	-0.0105162	-0.00744397	-0.0213853	-0.00851642	0.00659412	0.0186205	-0.00582545	0.00242125	0.156341
-7.60281e-005	-0.602791	0.010995	0.000330911	-0.0354677	-0.00865362	0.0047087	-0.00140283	-0.00464588	-0.00402659	0.00376507	0.00718833	0.0170965	-0.00740144	-0.00922661	0.0177977	-0.023553	0.00213652	-0.000115573	0.0119952	0.151801
8.33853e-006	-0.928962	-0.0191726	-0.00793587	0.00406716	-0.00147001	-0.00142239	0.006043	0.00676407	-0.00945767	-0.00269084	0.0239022	0.00896115	-0.00321181	-0.0115853	0.0205272	0.0139683	0.0123515	0.00333679	-0.00473653	0.00337207	0.156436


# resume 22
xmean
6.62063e-012	4.71583e-007	-2.0273e-008	-1.91473e-008	7.60163e-009	1.48032e-008	-2.84874e-009	6.3494e-009	-3.09428e-009	-1.60175e-008	-9.51171e-009	7.89281e-009	5.59406e-009	8.41529e-009	9.20567e-009	-2.55243e-009	-2.27639e-009	-1.65727e-009	1.23355e-008	-1.72707e-008	-1.72266e-009	-8.79701e-009
path for sigma
-0.134246	-1.30809	-1.06459	-1.20686	-0.483357	1.42679	0.467814	0.529039	0.532609	0.129553	-1.43241	-0.0274583	-0.474363	0.994874	0.895183	-0.153848	-1.19701	-0.705769	-0.240306	-0.134195	0.990489	-1.1845
path for C
-0.000591444	-36.3774	-0.391383	-0.333033	-0.161321	0.543723	0.205432	0.275815	0.144013	-0.0166193	-0.58055	-0.0222667	-0.214915	0.490898	0.348824	-0.109873	-0.375924	-0.265728	-0.0219619	-0.159221	0.448129	-0.41283
sigma 2.7228e-008
covariance matrix
2.7576e-005
0.00112146	799.629
1.38641e-005	0.79271	0.150521
-3.16659e-005	-1.17937	-0.0187408	0.12998
-4.81266e-005	0.323644	0.0216792	-0.00435252	0.12574
6.4962e-005	-0.279722	0.0040237	0.00351161	-0.00410083	0.154408
-1.03725e-005	0.402612	-0.0127474	-0.00345038	-0.00639197	-0.0119986	0.129198
7.13113e-005	-1.05203	-0.00309151	0.00622199	-0.00336313	-0.0067964	0.0201963	0.16707
6.77612e-005	0.415901	0.018891	0.00669054	0.00804203	0.0248778	-0.0111356	0.00533523	0.137681
-0.000101961	-0.079952	0.00755293	0.01157	-0.00968011	-0.00994132	-0.00498529	0.0185172	-0.012033	0.144567
-0.000174259	0.411608	0.021639	0.00568405	-0.00814634	-0.0124657	-0.00462756	-0.00448424	0.00327615	0.00493295	0.145201
-6.41986e-005	-0.564085	-0.00319492	0.00480659	0.00999878	-0.0028454	0.00756744	0.00763643	0.00468783	-0.0147834	0.00903675	0.141766
6.54339e-005	0.3751	-0.0191185	0.0138854	0.00621691	-0.0126127	-0.0176213	-0.015315	-0.00361949	0.0134666	-0.00703107	0.011536	0.145303
0.000118503	-0.466319	0.000801284	0.00998221	0.0201444	9.68108e-005	-0.0122284	0.00964177	0.0200703	-0.00744033	-0.0092301	-0.0023424	0.0109878	0.162257
-8.67721e-005	-0.517987	0.0129645	0.00691681	0.00323908	0.000306648	-0.000902028	0.0135572	-0.00115951	0.00430943	-0.00795468	0.0147282	0.00098975	0.00526325	0.159929
0.000142825	0.309266	-0.00922674	0.00529062	0.000243073	-0.0127649	-0.00702512	-0.0113801	-0.00670301	0.0125042	-0.0199554	-0.0132789	0.00663614	-0.000941563	0.002528	0.128724
2.47427e-005	-0.446284	-0.00742213	-0.0215101	-0.00866433	-0.0033347	-0.00474881	-0.00485773	-0.00883634	0.00385183	0.00799325	-0.00357574	-0.00618089	-0.00476194	0.00206202	0.0034903	0.160882
-2.74115e-005	-0.136256	0.00779964	0.0083727	-0.0123938	-0.00508423	-0.0145507	0.00704162	0.0157086	0.00499007	-0.0204819	-0.00293568	-0.00479545	0.00779047	0.00549794	0.0107598	0.00955894	0.144445
0.000193348	-0.146888	0.0031038	0.0068025	0.00755075	0.0106381	-0.00806014	-0.000622422	-0.00209329	-0.00350522	-0.0110717	0.00154797	-0.0205361	-0.00444866	0.00678354	0.0109386	-0.00760377	2.54078e-005	0.148399
-1.54362e-005	0.339162	-0.00326385	-0.00159504	0.0164475	-0.00849305	0.00471283	0.00752865	-0.00619326	0.00605409	-0.00370284	0.0142532	0.00124371	-0.020726	0.0135198	-0.00518815	0.00242329	-0.00339802	-0.00402595	0.146797
8.46104e-006	-0.0918735	-0.00718886	-0.0171381	0.00363058	0.00378644	-0.0014213	0.0148335	-0.00411464	-0.00189075	-0.00740759	-0.000329484	0.00124051	-4.46939e-005	0.0030882	-0.0148183	0.00519846	0.00668871	0.0132976	0.00405224	0.184297
4.21252e-005	-0.341352	-0.00287808	0.0071315	0.00552598	-0.0147	0.0183155	-0.00360897	0.0085548	0.0104675	0.00417863	0.0113548	0.00474893	-0.00751993	0.000803582	0.00617551	0.00829916	0.0192237	-0.0172931	0.00486803	0.00161855	0.127548


# resume 5
xmean
0.329494	0.334662	0.324621	-0.591922	-0.982399
path for sigma
0.277734	-0.40773	0.891367	-1.34841	-0.526259
path for C
-0.00327901	-0.0401117	0.0115176	-0.0250487	-0.0383395
sigma 4.42727e-005
covariance matrix
5.01205e-005
0.000353557	0.00849955
-7.65234e-006	-0.000479931	0.000122474
4.05895e-005	-0.000704504	1.41957e-006	0.00051092
0.000154608	0.00286024	-0.000181043	-1.40733e-005	0.00309434


# resume 5
xmean
0.330911	0.336397	0.325276	-0.532001	-0.732093
path for sigma
1.7928	0.887401	0.162566	0.54635	0.134583
path for C
0.00441019	0.00985036	-0.00188115	0.00608752	0.00237569
sigma 0.000326279
covariance matrix
6.72352e-006
1.78477e-005	5.44235e-005
-3.79868e-006	-1.02046e-005	3.33657e-006
6.14118e-006	1.01813e-005	-5.30876e-006	8.07791e-005
7.4781e-006	2.22828e-005	-3.34871e-006	-3.20647e-005	3.65707e-005


# resume 5
xmean
0.329323	0.335423	0.324565	-0.589945	-0.985908
path for sigma
0.133322	-1.27155	0.741083	0.0915625	0.304085
path for C
-0.00280067	-0.0202739	0.00578364	0.000133631	-0.00358812
sigma 0.000108718
covariance matrix
5.16713e-005
6.1265e-005	0.000415444
-2.87431e-005	3.18444e-005	8.78272e-005
-1.45308e-006	-0.000104887	-5.72369e-005	0.000422317
3.72826e-005	0.000240055	6.89336e-005	-0.000277918	0.000292998


# resume 5
xmean
0.329644	0.33573	0.324307	-0.592108	-0.986221
path for sigma
-1.70883	-0.72057	-0.935508	-0.8441	-0.0594551
path for C
-0.00539231	-0.00987827	-0.00292585	-0.00731662	-0.00292406
sigma 0.000405301
covariance matrix
7.58901e-006
1.79743e-005	0.000117977
2.23019e-006	-4.81558e-006	9.79858e-006
1.04828e-005	2.11869e-005	1.25547e-006	3.08425e-005
6.06526e-006	3.80649e-005	3.35991e-006	-5.68827e-008	2.71152e-005


# resume 5
xmean
-0.89344	-0.931935	-0.837469	-0.913466	-0.336051
path for sigma
0.948137	-0.62423	-0.544851	-0.912006	0.0177272
path for C
0.00393107	-0.00165499	-0.000929667	-0.00217516	-0.00114952
sigma 0.000884451
covariance matrix
1.07045e-005
-5.4685e-006	8.53415e-006
-1.38779e-006	-5.35116e-007	3.88353e-006
-2.725e-006	-3.27298e-006	-6.37586e-007	7.46103e-006
-8.44533e-006	2.42369e-006	-2.67333e-007	1.28047e-006	1.91638e-005


# resume 5
xmean
-0.893719	-0.932622	-0.83805	-0.912867	-0.27899
path for sigma
0.515752	-0.170193	-0.0871602	0.308485	-0.397997
path for C
9.53877e-008	-5.89029e-008	-2.86991e-008	1.27874e-008	-8.34638e-008
sigma 17.5037
covariance matrix
3.57103e-014
-9.83281e-015	2.44047e-014
-8.29774e-015	-7.36712e-015	1.57838e-014
-1.51467e-014	-6.93376e-015	-1.1489e-015	2.31915e-014
-1.19379e-014	3.00763e-015	-1.46698e-015	7.09612e-015	3.34338e-014


# resume 5
xmean
-0.923016	-0.739066	0.314263	-0.184547	-0.9862
path for sigma
0.0828618	0.692082	0.438932	-0.324545	0.421505
path for C
-0.000137034	0.00565165	0.00393958	-0.00856313	0.00561832
sigma 0.000201176
covariance matrix
5.31198e-005
-0.000151913	0.000522209
0.000101191	-0.000300885	0.000255782
3.64226e-005	-7.23503e-005	3.30575e-005	0.000586424
0.000153772	-0.000467511	0.000357455	3.24814e-006	0.000586063


# resume 5
xmean
-0.921053	-0.769296	0.316753	-0.0783652	-0.985332
path for sigma
-0.637948	-0.410538	0.533475	-1.05054	0.373725
path for C
-0.00125064	-0.0024419	0.00171195	-0.00893886	0.0036925
sigma 0.000367722
covariance matrix
1.03454e-005
-1.20302e-005	0.000103966
9.65948e-006	1.06426e-005	3.42724e-005
1.07987e-005	-3.09733e-005	5.11631e-006	8.64168e-005
1.06638e-005	-6.51358e-005	9.13097e-006	1.53774e-005	5.38566e-005


# resume 5
xmean
0.336295	0.206339	0.128321	-0.883373	0.215382
path for sigma
0.936916	0.605835	0.781149	0.253477	-1.24458
path for C
0.000341798	0.00413343	0.00153689	0.000986432	-0.0072052
sigma 0.000364453
covariance matrix
3.95007e-007
4.18401e-007	2.51673e-005
2.23228e-007	-3.23026e-006	8.19896e-006
9.1535e-007	2.80273e-006	4.16216e-006	6.23975e-006
1.22797e-006	-1.17694e-005	3.6933e-006	4.70123e-006	3.67459e-005


# resume 5
xmean
0.336099	0.201025	0.127034	-0.892648	0.211072
path for sigma
0.82246	-1.09284	-0.791733	-0.0283799	0.682422
path for C
0.000213954	-0.00354248	-0.00248278	-0.000859779	0.00276592
sigma 0.000635379
covariance matrix
5.2653e-007
1.0128e-006	1.01928e-005
-1.62788e-006	-9.69839e-007	1.66266e-005
-1.88282e-007	4.08456e-006	4.47153e-006	8.46667e-006
-1.73318e-006	-5.414e-006	8.7012e-006	5.98697e-006	2.00952e-005


# resume 5
xmean
-0.892209	-0.492042	-0.913517	0.343535	0.356722
path for sigma
-0.072806	-0.0763214	-1.12165	0.766595	-0.766584
path for C
0.000333698	0.000147125	-0.00106086	0.0013618	-0.00288448
sigma 0.0013139
covariance matrix
3.29764e-006
8.01089e-007	6.09824e-006
-6.5412e-007	-1.66008e-006	1.21035e-006
1.99508e-006	1.95326e-006	-8.23376e-007	3.33868e-006
2.25679e-006	3.70662e-006	2.18192e-007	-3.82605e-007	1.22215e-005


# resume 5
xmean
-0.893697	-0.0490353	-0.911886	0.34362	0.357454
path for sigma
0.150121	0.0594028	0.655601	0.426308	0.779692
path for C
1.6533e-006	-3.87699e-006	6.09081e-006	8.10495e-006	7.21277e-006
sigma 0.0414739
covariance matrix
2.20083e-010
1.53391e-010	7.3053e-010
-1.33417e-010	-1.81151e-010	1.40169e-010
8.61214e-011	-9.35008e-011	1.67546e-011	2.67309e-010
2.54638e-011	-8.83563e-011	1.87628e-011	2.74049e-011	7.26104e-011


# resume 5
xmean
-0.893593	-0.203779	-0.911625	0.342554	0.356531
path for sigma
0.0488203	0.386768	-0.412568	1.50078	0.853483
path for C
0.0139316	0.0118933	0.00477482	0.0373824	0.0116418
sigma 9.23377e-005
covariance matrix
0.000338691
0.000355217	0.00126505
3.9434e-005	-0.000188184	0.000365913
0.00030678	-3.94619e-005	0.00031166	0.000867951
1.32592e-005	-8.4554e-005	0.000133754	8.32408e-005	0.000237411


# resume 5
xmean
-0.893588	0.332791	-0.912392	0.344125	0.353756
path for sigma
0.717333	0.674616	-0.119846	0.44937	-0.624946
path for C
0.00755671	0.0116249	-0.00472253	-0.000478583	-0.0035025
sigma 0.000322443
covariance matrix
7.71755e-005
9.16138e-005	0.000174949
-3.21067e-005	-4.91155e-005	3.48222e-005
-9.65263e-006	-1.6399e-005	3.1485e-006	2.64705e-006
-1.55978e-006	-2.09964e-005	1.99948e-005	-1.29613e-007	2.64612e-005


# resume 5
xmean
-0.893499	-0.157061	-0.911015	0.344065	0.358015
path for sigma
-0.921934	0.0375318	-1.47003	1.23674	0.568131
path for C
-0.00121576	0.0012847	-0.00312187	0.000954764	-0.00107798
sigma 0.000360981
covariance matrix
2.76178e-006
-5.07322e-006	3.43429e-005
2.62185e-006	-4.33877e-006	8.08012e-006
-6.76516e-007	1.39875e-006	-1.49247e-006	5.37896e-007
5.23935e-006	-6.43198e-006	1.02956e-005	-2.18873e-006	2.01687e-005


# resume 5
xmean
-0.893532	0.00497965	-0.911681	0.343505	0.358141
path for sigma
-0.0986881	-0.282121	0.108991	1.38461	-0.338065
path for C
0.00568435	-0.0233	0.0135816	0.0340211	-0.00520609
sigma 5.66613e-005
covariance matrix
0.00134737
0.000732918	0.00288149
-0.000509816	-0.000778484	0.00225466
0.000706656	-0.000249178	0.000444533	0.00101718
0.00110876	0.000483983	0.000664099	0.000849017	0.00265015


# resume 5
xmean
0.343984	0.335744	0.0594462	-0.592238	0.358203
path for sigma
-0.132131	0.191119	0.440107	0.119622	0.0415816
path for C
-0.000139801	-0.000178957	0.00503698	0.00727125	0.00348106
sigma 4.02095e-005
covariance matrix
6.04859e-006
2.39804e-005	0.000256628
-1.58507e-005	-0.000159388	0.000210748
5.16853e-006	0.000270123	7.93722e-005	0.00139655
-4.07342e-006	0.000142357	3.78404e-005	0.000598061	0.000367954


# resume 5
xmean
0.343988	0.335774	0.0593013	-0.591833	0.358466
path for sigma
-0.554073	1.54836	-0.314433	0.77829	0.601704
path for C
-0.00273578	0.031852	-0.00908366	0.028914	0.00468402
sigma 0.00012512
covariance matrix
2.87298e-005
-6.38708e-005	0.000435135
1.75327e-005	-0.000105919	0.0013295
6.10069e-005	0.000146212	0.000706915	0.00121715
6.29965e-005	-0.000117456	-0.000113563	0.000149995	0.00023767


# resume 5
xmean
-0.897996	-0.441012	-0.891935	0.340397	0.14362
path for sigma
0.136992	-0.0764672	-0.379482	0.238606	0.636168
path for C
0.000261737	-0.00143336	-0.00107125	0.000149665	0.00599323
sigma 0.000800557
covariance matrix
6.23739e-007
1.44493e-006	6.54351e-005
-1.51243e-006	-2.25926e-005	1.48953e-005
-2.4905e-007	-2.51328e-006	2.03142e-006	1.09415e-006
8.77079e-007	-3.94637e-005	2.24474e-006	4.13134e-006	8.27409e-005


# resume 5
xmean
-0.895345	-0.497439	-0.886211	0.344978	0.230322
path for sigma
-0.308671	-0.106518	-1.98098	0.173357	1.04474
path for C
0.000518307	0.00132836	-0.00215274	0.000446177	0.00301811
sigma 0.000898731
covariance matrix
1.81664e-006
-3.39322e-008	4.95235e-006
-6.47464e-007	-3.14895e-006	3.36311e-006
9.04241e-007	9.76325e-007	-7.03558e-007	1.92465e-006
1.59125e-006	-1.59202e-006	3.02936e-006	9.50952e-007	2.05018e-005


# resume 5
xmean
0.343845	0.340382	0.306042	0.287992	0.357053
path for sigma
-0.756277	0.0881645	0.576756	-0.68161	0.245883
path for C
0.000279811	-0.00257355	0.0041575	-0.00214258	-0.000470181
sigma 0.000288137
covariance matrix
1.90251e-006
-2.76045e-006	4.04576e-005
1.08137e-005	-5.24389e-005	0.0001049
-2.92304e-006	6.60789e-006	-1.33742e-005	1.26591e-005
-5.43242e-006	5.99967e-007	-2.58642e-005	6.13471e-006	1.89081e-005


# resume 5
xmean
0.342524	0.341101	0.289165	0.296262	0.358223
path for sigma
-0.0800664	0.00699542	1.02882	0.0383049	-0.963804
path for C
-0.00217303	-0.00432242	0.045104	-0.00163854	-0.0250862
sigma 3.99716e-005
covariance matrix
0.000313795
6.12657e-005	0.000441235
-0.000329506	-0.000121799	0.00188745
-0.000411361	-0.00084955	0.000647704	0.00334572
-0.000200188	3.16679e-005	-4.14755e-005	0.000772316	0.000768892


# resume 5
xmean
-0.909078	-0.841124	-0.303399	0.324478	0.310729
path for sigma
-0.0435904	1.90314	-1.40057	0.455588	-0.0902463
path for C
0.00363085	0.0226045	-0.0729466	0.00860667	0.0127888
sigma 4.59153e-005
covariance matrix
0.000823135
-0.00031354	0.000386451
-0.00118899	0.000402464	0.00393944
0.000170687	-4.23008e-005	-0.000162257	0.000218087
0.000535503	0.000236905	-0.000603656	-8.41474e-005	0.00168881


# resume 5
xmean
-0.912927	-0.838465	-0.274819	0.324465	0.308269
path for sigma
0.34351	-0.0594073	-0.839356	0.186069	-0.802354
path for C
0.0195977	-0.00523398	-0.0522022	0.0232992	-0.0444094
sigma 6.35137e-005
covariance matrix
0.000613905
-0.000260685	0.000216362
-0.00103841	0.000441531	0.00265897
0.000230859	-1.96602e-005	-0.000717832	0.000736989
-0.000101021	-0.000150845	0.000589863	-0.000989458	0.00241075


# resume 5
xmean
-0.467668	-0.836264	0.324394	0.0851202	-0.92725
path for sigma
0.829636	0.0858265	-0.102435	-0.801548	-0.868902
path for C
0.0272645	0.0100262	-0.00227502	-0.0108541	-0.0177846
sigma 6.72661e-005
covariance matrix
0.00240819
0.00030826	0.000121343
-0.00052521	-5.22563e-005	0.000172676
0.00126283	0.000165834	-0.000463994	0.00185693
-9.07951e-005	-0.000221191	7.91068e-005	-0.000556596	0.000928523


# resume 5
xmean
-0.456602	-0.824327	0.321721	0.0543474	-0.982839
path for sigma
0.235432	1.22764	-1.49242	-0.310254	-0.0740507
path for C
0.0216565	0.0266586	-0.0125025	-0.00444548	-0.0154196
sigma 6.1994e-005
covariance matrix
0.00329749
0.0015682	0.000906601
0.000371489	0.000102207	0.000113061
0.00216077	0.000978024	0.000321519	0.00226683
-0.00127183	-0.000835994	-8.73537e-005	-0.00117036	0.00118617


# resume 5
xmean
-0.449386	-0.838906	0.323619	0.064257	-0.9205
path for sigma
0.768303	0.692669	0.661133	0.196332	-0.161499
path for C
0.0115993	0.007333	0.00802751	0.00847893	-0.00172632
sigma 0.000154099
covariance matrix
0.000316051
-5.90693e-005	9.03785e-005
-2.73061e-005	7.0755e-005	8.67114e-005
0.000150401	-9.55909e-006	4.77248e-005	0.000182416
5.92323e-005	-4.90865e-005	-1.91438e-005	5.21493e-005	6.36023e-005


# resume 5
xmean
-0.433813	-0.830839	0.322949	0.0451268	-0.940417
path for sigma
-0.282882	0.742539	0.368039	-0.903426	-0.928509
path for C
-0.000179451	0.000548138	0.000411784	-0.000600206	-0.000326722
sigma 0.00403754
covariance matrix
2.92787e-007
1.31241e-007	3.60606e-007
-1.69095e-007	-8.26693e-009	5.54165e-007
3.51811e-007	1.86287e-007	-4.87319e-007	8.49572e-007
-1.89084e-007	-2.99919e-007	2.89342e-007	-3.74938e-007	4.04327e-007


# resume 5
xmean
0.338196	0.286958	0.178467	-0.589269	0.306013
path for sigma
-0.811615	-1.05501	-0.459897	-0.501161	-0.779233
path for C
0.000800056	-0.00951128	-0.00238161	-0.0085878	-0.00513956
sigma 9.412e-005
covariance matrix
3.91616e-005
-5.16956e-005	0.000194076
-3.56623e-005	-3.16491e-005	0.000214278
-6.07784e-005	8.01038e-005	6.209e-005	0.000179744
1.4268e-005	-5.48923e-005	-5.01757e-005	8.59627e-006	0.0001243


# resume 5
xmean
0.340597	0.298352	0.124987	-0.615212	0.319
path for sigma
-0.0978024	-0.11653	-0.447148	0.589088	-0.77097
path for C
0.000424078	0.00113276	-0.00195734	0.00479379	0.00113955
sigma 0.000387723
covariance matrix
1.37944e-006
3.85785e-006	6.19174e-005
-6.40609e-006	-4.25628e-005	4.62382e-005
1.14939e-005	5.62625e-005	-6.26173e-005	0.000123965
4.56733e-006	2.36024e-005	-2.80919e-005	4.47883e-005	1.86849e-005


# resume 5
xmean
-1.#IND	-1.#IND	-1.#IND	-1.#IND	-1.#IND
path for sigma
-1.#IND	-1.#IND	-1.#IND	-1.#IND	-1.#IND
path for C
-1.#IND	-1.#IND	-1.#IND	-1.#IND	-1.#IND
sigma -1.#IND
covariance matrix
-1.#IND
-1.#IND	-1.#IND
-1.#IND	-1.#IND	-1.#IND
-1.#IND	-1.#IND	-1.#IND	-1.#IND
-1.#IND	-1.#IND	-1.#IND	-1.#IND	-1.#IND


# resume 5
xmean
-0.898954	-0.522875	-0.822819	0.346742	-0.0346232
path for sigma
-1.31497	-0.0984601	-0.0967763	0.255328	-1.11952
path for C
-0.00188465	0.00933116	0.00110117	0.00227798	-0.0318966
sigma 0.000139703
covariance matrix
1.90323e-005
2.38032e-005	0.000303266
-7.53325e-005	-0.000169109	0.000360901
-8.86146e-006	1.82242e-005	4.53665e-005	5.18145e-005
-3.42395e-005	-0.00040617	0.000174631	-2.16827e-005	0.000993281


# resume 5
xmean
0.32881	0.331646	0.324643	-0.591092	-0.985879
path for sigma
0.989381	-0.45769	0.23537	-0.0794614	-0.191174
path for C
0.00852187	-0.0189685	8.53811e-005	0.00282672	-0.00561368
sigma 3.24966e-005
covariance matrix
8.47761e-005
-0.000189997	0.00102444
-4.76533e-006	-5.73892e-006	1.09271e-005
0.000182207	-0.000126801	1.69365e-005	0.00149894
-6.46826e-005	0.000174489	-7.0851e-006	-0.000199157	0.000251215


# resume 5
xmean
-0.895459	-0.503679	-0.883303	0.344329	0.229968
path for sigma
1.57094	0.607305	-0.288331	0.156791	-0.639481
path for C
0.000496904	0.001551	-0.00052597	0.000433997	-0.00156284
sigma 0.00102777
covariance matrix
4.42516e-007
4.57534e-007	6.47654e-006
8.07643e-007	7.20646e-007	2.63377e-006
1.00971e-006	2.54014e-006	2.39373e-006	3.06922e-006
1.45817e-006	1.23284e-006	4.63919e-006	4.49175e-006	1.07686e-005


# resume 5
xmean
-0.893555	-0.51281	0.262488	-0.913136	-0.213493
path for sigma
-0.871051	0.313546	0.42645	0.0765243	0.161098
path for C
-0.0113138	0.0304086	0.0194515	0.00462078	-0.000525669
sigma 2.79203e-005
covariance matrix
0.000175108
-0.000539538	0.00356617
-0.00019417	0.00144093	0.00113486
-2.60131e-005	-0.000409808	0.000115894	0.000481433
0.000216188	-0.000968789	-0.000137696	0.000306222	0.0013729


# resume 5
xmean
-0.838897	-0.886879	-0.91197	0.314192	-0.7118
path for sigma
0.274806	0.28315	0.571469	0.348353	1.55239
path for C
-0.00431758	0.0550343	0.00547676	-0.00434561	0.0946262
sigma 2.35948e-005
covariance matrix
5.98066e-005
-0.0003028	0.00791529
-4.00168e-005	0.000159704	0.0047134
5.31415e-005	0.000975394	0.00257082	0.00251884
-0.00026433	0.00263775	-0.00323722	-0.00254956	0.00648585


# resume 5
xmean
0.329536	0.335939	0.324496	-0.590051	-0.984313
path for sigma
1.10513	0.852992	0.206772	-0.153017	0.143056
path for C
0.00425532	0.02044	0.00526914	-0.00116125	0.00275248
sigma 2.66684e-005
covariance matrix
0.000164787
-0.000144494	0.000655042
-0.000127137	0.000284022	0.000302357
0.000469443	-0.00033394	-0.000152799	0.00274926
-0.000105096	-7.1979e-005	0.000156245	0.000747414	0.00258038


# resume 5
xmean
-0.893906	-0.497697	-0.904378	0.344037	0.30408
path for sigma
0.823092	0.351179	0.176603	-0.440666	-0.532767
path for C
6.9219e-005	-9.77241e-005	1.22922e-005	-1.34666e-005	-0.000622361
sigma 0.00456515
covariance matrix
2.95886e-008
-6.21882e-008	5.5486e-007
-9.75791e-010	1.50759e-007	6.73649e-008
-8.31299e-009	1.33935e-008	-1.2026e-008	1.41655e-008
2.66011e-008	8.49209e-007	3.32919e-007	-5.42185e-008	2.5717e-006


# resume 5
xmean
-0.83799	-0.893507	-0.911578	0.324589	0.309564
path for sigma
-0.217937	0.360339	0.0161228	-0.391385	-0.71598
path for C
-0.000276148	0.000490827	-0.000330254	-0.000588997	-0.000533725
sigma 0.00178697
covariance matrix
2.14251e-006
-2.71242e-006	5.42217e-006
-6.77383e-007	-7.29047e-007	1.94626e-006
4.0564e-007	-2.17306e-006	2.16413e-006	4.38646e-006
-1.68569e-006	3.10097e-006	-1.40591e-007	-1.66014e-006	3.06467e-006


# resume 5
xmean
0.329648	0.335656	0.324647	-0.589409	-0.982518
path for sigma
-0.625578	0.227424	-0.598738	-0.44545	-0.183379
path for C
-0.000423073	-0.000225123	0.000133652	-0.00147074	-0.000370643
sigma 0.000598249
covariance matrix
1.13315e-006
-1.30104e-006	5.22686e-006
-1.24164e-006	2.07912e-006	1.59393e-006
1.03397e-006	3.65976e-006	-7.04699e-007	1.36175e-005
1.1578e-007	3.51179e-006	6.09956e-007	-1.67293e-007	8.7852e-006


# resume 5
xmean
0.3295	0.335708	0.324652	-0.592389	-0.984303
path for sigma
-0.322692	-0.0146919	1.67286	0.0318395	0.45924
path for C
0.000219125	0.000241886	0.0112224	0.00747094	0.00086396
sigma 0.00023088
covariance matrix
4.75774e-006
-1.77656e-005	0.00022624
6.18185e-006	-1.60532e-005	6.96993e-005
4.63286e-006	6.63273e-006	6.50084e-005	7.4967e-005
-3.8141e-006	5.84942e-005	-1.36484e-005	-1.22358e-005	3.28597e-005


# resume 5
xmean
0.337909	0.250805	0.147519	-0.72252	0.264861
path for sigma
-0.0833731	1.68881	1.78979	1.69128	0.448341
path for C
-0.0172579	0.120324	0.180579	0.151702	0.0826292
sigma 2.52178e-005
covariance matrix
0.000458354
-0.000937885	0.00418579
0.000515427	3.23989e-005	0.0116355
-0.000648161	0.00314733	0.00174846	0.00527982
-0.0005013	0.00057887	0.00208345	0.00350741	0.00583197


# resume 5
xmean
0.32968	0.335205	0.324422	-0.591118	-0.983129
path for sigma
1.00601	-2.08125	0.201082	-0.564819	-0.0674394
path for C
-0.000134248	-0.00200549	8.60594e-005	-0.000580435	-0.000598665
sigma 0.00147785
covariance matrix
1.09335e-006
9.18714e-007	1.74237e-006
3.37639e-007	7.66112e-008	3.09253e-007
9.4947e-007	4.02189e-007	7.17666e-007	2.53045e-006
1.01705e-006	1.20884e-006	1.74619e-007	4.43734e-007	1.91492e-006


# resume 5
xmean
-0.837357	-0.892885	-0.913533	0.324473	0.310367
path for sigma
0.992912	0.362959	-0.204432	-0.44218	-0.558969
path for C
0.00134877	0.00107676	-0.00276707	-0.00131256	-0.0016305
sigma 0.000818903
covariance matrix
2.84467e-006
1.55736e-006	9.06105e-006
-4.3342e-006	-9.38405e-006	1.71341e-005
8.28112e-007	1.3477e-007	3.44897e-006	1.32593e-005
4.24335e-007	7.35969e-007	2.44878e-006	-6.11303e-007	1.15655e-005


# resume 5
xmean
0.335139	0.272101	0.222835	-0.583527	0.288942
path for sigma
0.391465	-1.88951	0.848111	-0.537617	-0.108154
path for C
0.00975478	-0.0654315	0.0421191	-0.0264229	-0.00895117
sigma 4.92205e-005
covariance matrix
7.81351e-005
-0.000133204	0.00128414
0.000207194	-0.000143468	0.00249703
5.37594e-005	0.000378587	0.000295112	0.00157757
-6.03857e-005	-0.000310058	-0.00118848	0.000677569	0.00175723


# resume 5
xmean
-0.837689	-0.893575	-0.913413	0.324394	0.309892
path for sigma
-0.60215	0.441162	-0.426485	-0.737985	-0.722533
path for C
0.000218607	-0.00117821	-0.00343938	-0.00664826	-0.00632922
sigma 0.000336882
covariance matrix
2.80651e-006
-3.14687e-006	2.52926e-005
-5.43521e-006	6.35681e-006	1.91888e-005
-1.21343e-005	5.06791e-005	3.31568e-005	0.000158673
-8.70483e-007	2.2788e-006	8.41021e-006	-2.96117e-005	0.000104537


# resume 5
xmean
0.336166	0.280255	0.237762	-0.549713	0.293577
path for sigma
0.576104	1.3589	-0.287586	1.16277	0.288581
path for C
0.000167465	0.00294374	0.00029363	0.00147728	0.000615856
sigma 0.000492594
covariance matrix
6.1143e-007
8.50599e-007	8.52188e-006
2.00781e-006	2.26799e-006	8.20931e-006
4.75649e-007	-1.855e-006	2.80375e-006	4.51853e-006
-3.79362e-006	-6.03819e-006	-1.15249e-005	-5.22649e-007	2.65047e-005


# resume 5
xmean
0.329569	0.334905	0.324565	-0.59072	-0.983598
path for sigma
-0.234269	0.415835	1.01073	0.352258	-0.115463
path for C
-0.00163341	0.00749955	0.00528776	0.00974007	-0.0102999
sigma 4.97411e-005
covariance matrix
7.25116e-005
-0.000243196	0.00153004
6.98962e-005	-0.000371938	0.000146201
5.87429e-005	-0.000134902	0.000112168	0.000472103
-0.000289222	0.00100918	-0.000506725	-0.000411912	0.00283561


# resume 5
xmean
-0.837992	-0.893442	-0.912373	0.324261	0.310057
path for sigma
-0.657717	-0.381891	1.02514	-0.317363	0.285581
path for C
-0.00397829	-0.00173351	0.00560887	-0.00151717	0.00276499
sigma 0.00030668
covariance matrix
1.20292e-005
2.18653e-006	7.68374e-006
-1.37648e-005	-6.14282e-006	2.73654e-005
3.15345e-006	-2.90413e-006	1.98277e-005	7.67769e-005
-4.35872e-006	5.49206e-006	2.6379e-006	-2.3103e-005	4.4844e-005


# resume 5
xmean
-0.893187	0.328419	-0.912246	0.343993	0.352611
path for sigma
-0.335706	-0.554466	-0.258057	0.322277	-0.73984
path for C
-0.00605704	-0.0111564	-0.00604605	-0.000864817	-0.00851181
sigma 0.000142183
covariance matrix
0.000164598
0.000123856	0.000326521
-2.10036e-005	9.20869e-005	0.000143792
5.21023e-005	5.60623e-005	1.05066e-005	2.84221e-005
2.24597e-005	9.09187e-006	5.31389e-005	2.13097e-006	0.000105637


# resume 5
xmean
-0.898984	-0.405576	-0.906599	0.337933	0.162865
path for sigma
-0.96	0.346032	0.188222	0.496717	-0.892244
path for C
-0.00147305	0.000138867	-0.000630194	-0.00132286	-0.00830178
sigma 0.000346538
covariance matrix
7.82707e-006
8.32991e-006	2.13245e-005
-4.9571e-006	-8.53376e-006	1.84363e-005
7.27473e-006	7.41962e-006	4.39421e-006	1.34787e-005
5.97968e-006	8.89351e-006	3.01778e-005	2.80938e-005	0.000124712


# resume 5
xmean
0.329761	0.334131	0.324458	-0.591742	-0.983133
path for sigma
-0.539431	-0.179679	-0.397071	0.209737	0.0361529
path for C
-0.000133975	-0.000962092	-0.000389453	1.47855e-005	0.000192119
sigma 0.000129408
covariance matrix
3.97887e-006
-9.15338e-006	5.70254e-005
-2.35084e-006	8.52334e-006	2.56338e-006
1.48364e-006	1.55231e-005	1.97667e-006	1.68054e-005
5.66511e-006	1.00437e-005	-2.80163e-006	1.14456e-005	4.66706e-005


# resume 5
xmean
-0.912799	-0.838308	-0.275323	0.324348	0.310706
path for sigma
0.896139	0.135013	0.320774	-1.38167	-0.337329
path for C
-0.000482778	0.000683888	0.0029866	-0.00407869	0.000358285
sigma 0.00025221
covariance matrix
5.57169e-005
-2.16745e-005	1.19011e-005
-6.42177e-005	1.1249e-005	0.000210398
2.87143e-005	-1.569e-005	-1.39073e-005	2.90848e-005
2.6245e-005	-5.97729e-006	-4.04175e-005	3.24863e-006	2.55869e-005


# resume 5
xmean
0.335919	0.203078	-0.747579	-0.891158	0.28395
path for sigma
0.927118	0.154714	-0.683988	0.0704198	-0.17153
path for C
0.000444075	-0.000300226	-0.00254655	0.0005754	-0.00170341
sigma 0.000298527
covariance matrix
1.4495e-006
-4.01754e-006	1.2092e-005
-2.59339e-007	-8.98163e-007	1.20975e-005
1.32565e-006	-3.34047e-006	-1.7006e-006	2.75039e-006
1.70473e-006	-6.52599e-006	1.06513e-005	2.84126e-006	2.29082e-005


# resume 5
xmean
-0.897497	-0.423104	-0.881579	0.337007	-0.0451512
path for sigma
0.0342819	-0.69655	-0.398452	0.0877965	0.208903
path for C
0.0042919	-0.023376	0.000548273	-0.000332737	0.0128608
sigma 7.55076e-005
covariance matrix
3.62557e-005
-0.000187269	0.00116447
2.07483e-005	-0.000204539	8.95655e-005
-4.17359e-006	3.49436e-005	-1.05664e-005	2.78725e-006
9.75078e-005	-0.000640343	0.000102172	-2.33764e-005	0.000688211


# resume 5
xmean
0.331932	0.336423	0.326625	-0.460789	-0.456309
path for sigma
-1.01775	0.844331	-0.394054	0.113804	-0.750277
path for C
-0.00520595	0.0229858	-0.00391094	0.0198675	-0.0345038
sigma 7.66151e-005
covariance matrix
1.93174e-005
-5.51372e-005	0.000789783
-1.97646e-006	-3.3092e-006	3.63785e-005
-1.47416e-005	0.000378704	-1.1221e-005	0.00211306
-9.70817e-008	0.000105921	0.000129846	-0.00120649	0.00229884


# resume 5
xmean
-0.86407	-0.707369	-0.912211	0.332226	0.193126
path for sigma
1.60229	-0.057807	0.189332	0.366406	-0.033308
path for C
0.00585381	-0.0046201	0.00174436	0.00193483	0.000930809
sigma 0.000107927
covariance matrix
2.10079e-005
-3.32257e-005	0.000198675
-1.95385e-005	3.35567e-005	0.000289052
2.82397e-006	2.82656e-005	2.04781e-005	7.52149e-005
4.09619e-006	0.000243379	5.75142e-005	0.000201323	0.000886401


# resume 5
xmean
0.329111	0.335478	0.323938	-0.593358	-0.98103
path for sigma
-0.304113	-0.645611	0.143702	-0.399314	0.0631303
path for C
-0.000541922	-0.00137059	0.000408073	-0.000912492	-0.000149158
sigma 0.00271668
covariance matrix
9.64675e-007
4.32518e-007	3.68834e-006
-3.91139e-007	-5.21717e-007	1.03403e-006
1.14892e-006	8.68262e-007	-5.50683e-007	2.06652e-006
-1.15946e-007	1.04408e-006	4.87169e-007	-3.28409e-007	8.74807e-007


# resume 5
xmean
-0.868742	-0.673876	-0.911798	0.329053	-0.247874
path for sigma
-1.52713	-0.330313	-0.157171	-1.24505	0.49185
path for C
-0.000885841	-0.00050893	-3.62253e-005	-0.000602946	0.00165517
sigma 0.0020593
covariance matrix
4.50636e-007
-5.3392e-007	6.36099e-006
-1.09739e-007	-3.63263e-006	4.43859e-006
1.14238e-007	-4.91847e-007	6.17016e-007	2.18153e-007
7.1352e-008	-4.00704e-006	8.32885e-007	-1.36024e-007	6.51101e-006


# resume 5
xmean
0.32965	0.336053	0.324411	-0.590023	-0.980734
path for sigma
-0.12827	-0.668908	1.93278	-1.08525	-0.622227
path for C
4.03767e-006	-0.000329212	-0.000198067	-0.000860641	-0.000733802
sigma 0.00156088
covariance matrix
3.40585e-008
-1.43993e-007	2.6019e-006
-1.33083e-007	5.1535e-007	6.61041e-007
-2.71566e-007	-1.38041e-006	1.5809e-006	7.01221e-006
-1.03486e-008	2.50207e-006	5.52233e-008	-2.93977e-006	4.05823e-006


# resume 5
xmean
-0.873625	-0.650793	-0.894635	0.331606	-0.244266
path for sigma
-0.0153007	-0.356192	0.708761	0.340553	0.484129
path for C
5.58109e-005	-0.0114379	0.0126371	0.00245215	0.00858068
sigma 0.000140588
covariance matrix
2.97067e-006
-1.89072e-005	0.000324821
3.58227e-006	-0.00014893	0.000182879
1.58337e-006	-7.02485e-006	4.51384e-005	2.50767e-005
-2.23892e-006	-0.000138249	8.16893e-005	-1.55568e-005	0.000145839


# resume 5
xmean
-0.932645	0.203384	0.304037	-0.912524	-0.978664
path for sigma
-0.795703	0.579284	-3.24715	0.885177	0.145971
path for C
-0.000871721	-2.5752e-005	-0.00476012	0.00364589	-0.00485755
sigma 0.000646689
covariance matrix
9.54218e-006
1.82735e-005	5.10787e-005
3.00438e-006	7.26968e-006	5.39604e-006
5.09466e-006	8.12933e-006	-2.51157e-006	2.03405e-005
-1.22429e-006	-5.53894e-006	4.90818e-006	-1.2151e-005	1.19797e-005


# resume 5
xmean
-0.893551	0.169859	-0.912621	0.34351	0.358056
path for sigma
-0.099665	-0.293951	-0.392622	-0.753326	-0.780955
path for C
-0.00525974	-0.00438593	-0.00615594	-0.00214372	-0.0143094
sigma 0.000127542
covariance matrix
0.000126121
2.66425e-005	0.00053488
-4.64772e-005	3.74627e-005	0.000275363
3.44066e-005	-2.11745e-007	-2.16771e-005	1.19988e-005
9.93094e-005	-0.000142291	3.71401e-006	2.84408e-005	0.000348338

